2756433946
1166363204
2721949170
2782523119
2780229181
2754942317
2781002341
296205543
2782521919
2782520143
2779707805
2676043629
2752391296
2781203071
2782451202
50019721
364348559
2781396366
249121015
463465741
453269155
2757244486
1511208349
1376458008
2782515349
2757218801
2782514863
277981178
544638930
2782442346
2782445552
2782388280
341012944
2774013468
129235617
25602085
2782408122
2759057988
37238669
2753473917
69980140
51156237
2757239458
2745212049
2782466378
2782478161
28441156
2427380426
187780724
2782466132
2782447310
33878197
2782499917
2333081215
2435474904
2757206069
1653293048
2634319400
129853405
2741346376
52178940
2757005087
2757184035
2756564350
2782423326
2759383069
270080971
2321425109
306934281
2782493233
2782458038
2782429602
324676414
55603216
520173215
2487826632
2597067355
2757193265
2782497871
2217842169
291237732
557764304
2757233596
345238359
89292283
2757205313
2782042495
2782489777
2522841625
141116447
25354464
2782422642
2737892882
2712711128
2782487581
608360783
142208724
22068695
2757155331
2782444646
2441537677
2782433005
426866920
165340708
319983953
2782456915
22972162
953761286
30879855
121730303
333253005
2782414320
159851078
2764594723
363876606
2757159447
117512780
2782411290
314589760
2267671871
2742303027
1487454577
2782405650
471725633
1648082863
49977578
2782464295
786944292
2782413722
2496040789
1316549432
252242561
139075151
2757212506
2592297267
2179438190
75349803
213060786
2782366386
2707763370
2710610661
187940862
2565608868
1146079164
547230896
395905721
2569334976
2742617864
2251065967
437312588
2769939074
2751472587
2782429814
2782456729
2369197892
932009070
2757218914
2581780970
2782345056
2673855788
2652226296
1163379380
2781248299
1088741683
2714453594
2735858170
767070758
2782395324
2757191423
115049038
299576087
2332208809
2782445407
2347857199
189642761
358653877
2782412138
2757154539
737261965
2782403029
1638634268
2756058400
540685629
2782449985
2782417550
415854843
2782049064
246366659
2782401662
2782437313
178293772
491520395
1235541696
164971407
2415252977
2160828151
2741194528
2782408688
129944651
2782440253
490181934
2782372868
105223032
2573031031
1936350662
2782356552
768042992
2754718324
1498837176
198970294
2782403420
22097841
197731752
2782331912
2757153939
65967307
2334011708
2782434691
2757176471
75248205
395872332
491618827
296867194
1679510592
2755629790
2747421098
2772643111
2667459662
2340773804
2782267218
2757151485
2752463518
2739578952
2757203314
198057948
2782395218
433004659
2782362966
229342957
2782424761
2757136053
858837374
281425829
1291565653
2782394623
2757173399
546324860
2742882518
2731809296
2782351596
2782388996
2210214961
2757194866
2782388558
2782403125
2782384334
414846024
2782385036
448946283
2752523353
2782377038
2757050836
129932585
2778686443
2782383068
2773522200
547006279
2782225957
940344632
2782325924
1646084917
1437560408
1833268813
323101853
2782333476
2717237363
140644604
2754988625
139131629
2505422683
2743636976
2757141915
2756184058
2782409143
2594076222
2782410589
2782409929
2489447827
2757158639
2778163458
283329955
2782371002
2782371842
570539863
2782339614
2757138789
213329630
2781119737
2751218622
955108544
2782334508
2782364330
267797323
2749090950
207646866
157085924
2782359656
250894743
2782050624
2183927206
2649850962
2782364618
2751363047
2757158381
271048010
1212700261
2782322520
2754932787
631382504
2782329918
2757177652
2782358990
167978539
2781162096
333922844
2757132729
992368386
2756849741
2755836753
441816741
1229744624
2282473526
2757149765
130860387
2782323396
2535793807
2777215424
2429353177
1976515717
1467914551
43099827
301577682
2756889184
2782388245
2756301460
2782384747
2782345118
2757173794
35401267
499564058
2782318860
2757144929
2755087632
2782384957
2574662062
1858786580
57956162
303421588
1150947542
2782315520
514369691
483596232
104011809
2782354123
2782310557
2769812216
157016740
405830644
574762072
2782311384
2782336520
2782303920
2418993812
2780998350
2607678343
2731171251
2156330506
2754587974
152392064
356935494
2782330976
2782374487
1187819906
430944467
2782336340
2782373887
366379531
2703541548
2782301850
561900592
2174136872
2782371541
2757126107
2782303134
230059274
2782334558
2780554819
907164986
30879066
2782362289
2782308704
2538943990
343572615
1947751952
2782366879
2781205808
34907747
2757118341
2679436322
2782307138
2782028341
2757158416
1558384286
266752399
2782297092
314168146
526404947
2782351429
179649518
919836397
17818900
738905263
2722091011
2757161854
1310548987
2490172537
504642441
2782274268
2562924423
2782351795
2370937212
2174647684
2782310594
2757158152
2700542797
1367815795
102362566
2782315592
1638796592
2686496194
400772842
723649176
184881402
2781215731
2756953473
2757148624
2159986046
2757157324
2775815280
2297919743
2782346443
93751835
295652162
2776445474
2351394477
2757100713
2778816602
811509037
2756080049
2782326901
2782344907
2757128657
2782339699
2756469755
2782321825
2757097503
2782272996
1958087958
2782305704
2781714584
40672514
178932991
2781899341
406405984
251012406
2782240676
2782257978
89501802
2782192453
2782272870
2535012652
520135576
2782302386
2769183817
2782268274
2418039835
2770276334
2782267320
68675838
1151029058
2781644988
2782269416
550401683
247068338
299143826
2782297448
2782245102
2495221342
2620388005
50109946
2747251537
1207066116
2757091935
2763582715
425226346
2176540813
225824547
2782286684
473930026
2757071223
2782326895
2782260822
2782322815
73389945
36690824
2757108737
1867777766
2782024189
2757094725
903347514
1216875961
1198329643
2383904185
1410512658
892585442
1513108292
2754357431
2757089031
2782284926
2739461728
1685990588
2782281518
2605323018
339012207
2755891540
86973562
2782278308
560793615
617067272
2757111701
2563749766
171333913
86059431
1239720709
2315171174
2575956490
134797823
2737575938
2756675152
213194770
2781602084
2615793541
381686467
2782238658
2782306279
180483550
2782308373
2757081729
2563457778
2478456738
132473371
53032998
2782274990
234321978
853440972
2782235527
2537204993
24737833
2757068295
2782237158
2757131740
520439807
145198812
2232898023
2544151412
2782231722
2390747923
569071474
1443754398
331419060
2782232886
267250834
2381950769
113860331
2614792565
1502566208
2763811981
2782108099
311749544
2757072399
2756502593
1462460713
2782273303
2756027932
2727545813
2782253978
2782223718
2782224702
1562143747
2757063753
22248497
2757092345
1137293226
2719682002
2782253600
1324460419
2221812446
316029760
2782281073
56404081
2757114118
2755426097
2699026976
64402860
1593647095
2782218792
2757097876
2757092585
540633202
41626499
402136754
294090807
329519917
2508892429
1164212526
2756955040
2420559589
2743242067
2764448744
2782224127
2509662056
839009618
563706833
2757078982
2779094448
273049529
756637536
2757057413
2693112714
2782202646
2782187274
122142872
285700947
1195388366
2782203108
2782234034
2770513206
181155014
2782162140
2435347694
2748466698
2780717856
2491462441
2782219244
40652444
1604364650
2756436821
2762132305
769175436
2676562218
1694221790
2782265731
2780796836
50288836
2716568741
2782197060
33124207
2782264903
2365205857
2147775774
2782227656
195013743
934908612
216298346
2782192506
2782225490
81727048
2782246069
2782225094
2782257139
2294178733
2757079535
2782221044
1901029520
2782219322
2584706518
196818888
1154594618
129771064
2757103036
871900098
257505366
2416256458
1196353898
2782180638
2752279644
1450688821
276555593
2754517054
2782225969
414099374
2674606481
471441232
411404243
81142038
2782148064
25982325
1337690268
2782219405
22810090
300232287
396899113
1539497676
2782176198
858880098
67566589
40038509
194046349
2757032475
2763551124
1405067910
1142133325
2763106051
2757087160
410477583
1324243759
2782168014
953479207
2782159800
2757065555
2782194788
1115258186
2766389131
2757044530
984457308
284755100
2513107174
2781847554
2468187912
373501212
2776554758
2782203181
210144446
546546705
2757084754
2782226335
2782225525
2757061247
2782187666
1192919540
2782224313
2782189112
2659223058
2236141208
2782153482
89644092
2781055436
2778170036
1089335664
2753237981
369114262
2757084082
2782199551
2640555696
2501419346
2317343594
275649460
2782213093
2782149666
2508159841
2782217005
365508718
423629232
314211590
2375602709
429004453
2781663342
2782213735
2782211797
2756891404
2782179182
2782189243
2756247851
2385424370
1913181074
2638731424
334108342
2782147326
2756016598
2782191211
522251424
2739794716
153467390
2757003887
156466190
355375700
271945571
2692668626
320549713
2484270378
2782194013
102013758
2757051023
14923460
2763502176
2750535705
43890518
2782207081
394734822
395861511
1369365200
2757078382
2782162328
1514424264
2757048257
872661763
2782137750
2782116996
2782154683
2742068048
2287535015
2782162088
868859682
2695417050
170699955
2780793002
1573358096
2782133898
2782200463
52684151
2782121004
2782195381
2781667909
2782195657
2782156340
1044172465
57352813
2757029440
2781029401
2582297364
2782185901
2782120680
2308297671
2757018939
112662788
2782113174
164362379
2746082229
1908774103
603900945
2657353058
609044999
2390582054
554471024
2782113816
2782141028
2612685589
2782141862
505825881
1434806425
1568064470
2782108086
2250589303
56231000
31699949
2756998582
458899217
2557434216
2782166971
2749273888
2454996518
2701844197
33232826
120071351
2782169809
2757034133
1510308822
1353235597
314500502
1974541693
2757003837
2781773666
268831804
1888900141
1210979731
2335241894
2782037941
2776103310
2757015449
118273215
2782164763
1936915190
2782083210
2757003009
2227821726
614000671
2782129256
2757054172
302456565
426848772
1104568556
467397791
364520134
2757017303
2591670908
195281614
428902942
2756997501
2757021383
2715282587
947609293
2756410355
2782156981
2694221504
69282970
2782117868
2757032692
1642636106
2757048766
2452951265
2757023381
2756897283
2782084968
2782153381
2782085270
2782117376
506895114
2782072032
589742012
2782114946
2782111220
2757039484
26986447
413688859
2748498111
581038942
583426078
2683722159
309481881
2778073808
772411525
2467374300
2779012111
2756902905
2776014744
2782076268
102329036
214815133
2782065558
2757014819
2782142755
2782108364
2492582887
2757011681
2781225804
2546639083
2442155772
2754820401
2782100534
2782076720
2782101782
350895395
2646881777
2782139893
147501180
2680208742
532979167
2675003563
2782085396
411341502
2781257726
2757031774
1673016206
267134474
2756981925
825499327
2782066038
2756966721
2782132693
2781519582
2756915489
2782063650
866451108
84570621
2782093010
2782101271
402876990
2607095817
145574759
2669325570
2709562972
1395766302
2781991472
2756819889
2782001796
2782021405
308702166
2781258559
2756997641
2755522637
