  -177.800    -19.700       1 0.118563
  -175.196    -21.163      17 0.304859
  -176.600     51.882      15 0.292402
  -171.445    -13.993      46 0.424817
  -166.331     60.101       3 0.170998
  -162.601     66.897       1 0.118563
  -159.822    -21.237       2 0.149380
  -158.058     21.442     987 1.180471
  -160.482     55.347       3 0.170998
  -156.136     20.307     394 0.869191
  -156.775     71.298       1 0.118563
  -149.640    -17.547      17 0.304859
  -150.774    -16.999       8 0.237126
  -149.866     61.149     165 0.650296
  -147.925     64.843      14 0.285754
  -148.447     70.205       2 0.149380
  -146.353     61.130       1 0.118563
  -147.079     64.686       4 0.188207
  -135.000    -82.863       5 0.202740
  -135.316     57.047      14 0.285754
  -134.921     59.948      94 0.539087
  -128.147     52.170       2 0.149380
  -130.457     55.032      18 0.310723
  -122.850     38.846     733 1.069016
  -122.776     45.401    4503 1.957869
  -123.137     49.149    5084 2.038691
  -122.909     53.961     190 0.681607
  -122.691     58.810       1 0.118563
  -118.573     34.293   57705 4.581638
  -122.024     38.004   16846 3.039358
  -121.642     46.540    1148 1.241453
  -122.005     47.950    3535 1.806118
  -119.212     54.111      95 0.540992
  -121.345     61.849       1 0.118563
  -114.881    -25.933       2 0.149380
  -112.900     27.287       1 0.118563
  -116.464     32.246     844 1.120462
  -116.290     34.364   21879 3.316083
  -113.935     38.827      24 0.341995
  -116.133     44.590     460 0.915241
  -114.673     50.503    2314 1.568209
  -113.547     53.522    1849 1.455220
  -114.673     61.923      42 0.412129
  -117.274     63.145       1 0.118563
  -109.428    -27.150       8 0.237126
  -109.436     25.102    1126 1.233471
  -110.836     30.618    2872 1.685302
  -111.854     33.628    4746 1.992472
  -111.647     40.632    1530 1.366197
  -111.409     44.263     320 0.810960
  -110.420     49.183      95 0.540992
  -111.015     55.880     184 0.674355
  -110.620     64.711       2 0.149380
  -103.671     20.534    8773 2.445301
  -104.895     24.238    2187 1.538978
  -106.303     31.040    1819 1.447306
  -106.230     35.054     833 1.115573
  -105.061     39.685    4476 1.953948
  -103.788     44.534     116 0.578232
  -105.318     50.986     562 0.978427
  -105.513     53.898      12 0.271442
   -99.739     16.848    1069 1.212296
   -99.381     19.641   67072 4.817222
   -99.958     25.732    9828 2.539635
   -98.190     30.014    8612 2.430250
   -98.937     34.780    1323 1.301576
   -99.092     39.333     191 0.682801
   -99.684     45.706      86 0.523338
  -100.255     49.666     102 0.553966
   -98.301     56.833      67 0.481550
   -95.329     16.800    1895 1.467189
   -95.458     18.857    5468 2.088779
   -97.378     25.969     154 0.635511
   -95.433     29.962   10722 2.614417
   -96.560     33.229   13723 2.838568
   -94.924     39.786    6553 2.218688
   -93.620     44.940    4002 1.882386
   -96.721     49.621     977 1.176471
   -94.129     61.102      20 0.321830
   -90.117     -0.809      51 0.439683
   -90.246     14.475    7368 2.307098
   -89.710     20.469    2358 1.578087
   -90.338     30.337    6557 2.219140
   -89.876     34.826    3221 1.750975
   -88.302     41.253   25702 3.498957
   -89.254     43.739    3274 1.760526
   -89.377     48.341      43 0.415374
   -82.700      6.100       1 0.118563
   -84.573     10.327    4810 2.001388
   -86.952     14.187    1058 1.208124
   -86.957     20.896    2247 1.552925
   -82.562     27.388     132 0.603681
   -84.148     29.599    3610 1.818802
   -84.843     34.324   28600 3.625809
   -84.404     40.554   20314 3.235053
   -84.477     43.083    2765 1.664107
   -86.507     48.643       7 0.226803
   -78.524     -9.093     528 0.958284
   -79.631     -3.796    2552 1.620229
   -79.444     -1.236   17866 3.099503
   -77.887      2.574       1 0.118563
   -79.781      8.929    9156 2.480380
   -81.688     12.610     844 1.120462
   -78.572     18.499     474 0.924434
   -80.277     25.953   21776 3.310871
   -81.496     28.878   11402 2.668558
   -80.357     35.100   11897 2.706629
   -80.339     40.609   12314 2.737890
   -79.384     43.574   24110 3.425169
   -80.035     48.436      57 0.456290
   -72.660    -50.932      28 0.360027
   -73.404    -43.939      51 0.439683
   -73.007    -40.075    2650 1.640709
   -73.057    -36.841    3796 1.849517
   -75.600    -13.496     354 0.838721
   -76.994    -12.048    9298 2.493137
   -75.830     -5.934      58 0.458943
   -76.524      1.686    1432 1.336382
   -74.777      4.926  117974 5.814937
   -74.676     10.409   23597 3.400702
   -76.818     18.037    2855 1.681970
   -76.783     25.413     980 1.177674
   -76.642     36.796    3228 1.752242
   -75.080     40.123  113962 5.748258
   -74.348     44.889   10695 2.612221
   -74.037     50.210       8 0.237126
   -70.207    -53.359     419 0.887199
   -69.615    -51.296     164 0.648979
   -69.225    -45.882     169 0.655509
   -70.354    -39.417    1789 1.439306
   -70.788    -33.504   45056 4.218912
   -71.053    -30.621    1706 1.416694
   -70.353    -24.452    1272 1.284632
   -69.942    -20.295    1391 1.323504
   -69.984    -15.917     993 1.182858
   -67.827     -9.971      17 0.304859
   -69.975     -4.181      75 0.500000
   -70.234      1.258       2 0.149380
   -71.627      5.683     674 1.039528
   -69.902      9.831   30693 3.712183
   -70.033     12.548     246 0.742896
   -70.141     18.738   18678 3.145766
   -71.206     42.108   12546 2.754977
   -71.113     44.220    3145 1.737093
   -69.520     48.560     108 0.564622
   -68.518     63.751       5 0.202740
   -65.902    -47.751       4 0.188207
   -66.159    -44.235     180 0.669433
   -63.800    -40.395     194 0.686357
   -64.668    -34.199     820 1.109739
   -64.419    -31.025    3445 1.790658
   -65.250    -25.625    1723 1.421384
   -63.716    -18.512     196 0.688708
   -65.944    -17.223      76 0.502212
   -63.854     -8.909     152 0.632748
   -66.391      6.510      16 0.298760
   -66.327     10.315   37871 3.981547
   -62.749     17.312      27 0.355689
   -66.114     18.360    6071 2.162899
   -64.790     32.297      39 0.402073
   -63.960     44.992    1382 1.320643
   -65.510     48.152      32 0.376414
   -58.937    -51.812      19 0.316374
   -58.621    -38.192    1393 1.324138
   -58.680    -34.537   29875 3.678908
   -60.108    -31.550    2422 1.592237
   -57.822    -25.628    3974 1.877985
   -58.691    -20.203      13 0.278782
   -59.322    -13.624     171 0.658084
   -61.965    -10.480       9 0.246621
   -60.012     -3.079    1735 1.424676
   -60.599      4.603     181 0.670670
   -61.376     10.622    1728 1.422757
   -61.196     14.509    3437 1.789271
   -60.954     45.932     104 0.557563
   -58.703     48.922      17 0.304859
   -56.997    -63.398       1 0.118563
   -57.494    -37.830       2 0.149380
   -56.111    -35.019    4590 1.970397
   -54.437    -29.510     745 1.074818
   -54.964    -25.197    4713 1.987843
   -54.544    -20.868    1838 1.452328
   -55.733    -15.214     368 0.849635
   -55.452    -11.611      57 0.456290
   -56.448     -2.775     613 1.007171
   -54.624     -2.262     921 1.153549
   -54.896      5.713      76 0.502212
   -56.437     23.727       2 0.149380
   -53.383     47.243      16 0.298760
   -52.898     47.715     295 0.789266
   -50.506    -29.340   10073 2.560565
   -49.695    -24.737   11928 2.708978
   -48.844    -21.209    6221 2.180568
   -48.621    -16.008    6527 2.215750
   -48.663    -10.425     313 0.805003
   -49.362     -4.333     182 0.671903
   -49.161     -1.041    1464 1.346263
   -52.328      4.930      92 0.535236
   -51.369     45.696       1 0.118563
   -50.694     67.019      89 0.529354
   -45.985    -23.422   65729 4.784853
   -44.415    -20.567    9230 2.487044
   -45.292    -15.885     143 0.620005
   -45.667    -12.060     171 0.658084
   -43.772     -4.684     769 1.086238
   -45.480     -1.773     485 0.931530
   -47.202     19.154       2 0.149380
   -42.030    -22.741     310 0.802423
   -40.612    -20.167    1620 1.392477
   -39.111    -13.378    3146 1.737277
   -39.320     -9.262    1301 1.294321
   -38.753     -4.347    5816 2.132183
   -42.177     71.802      12 0.271442
   -34.566    -58.536       1 0.118563
   -35.551     -8.805    5949 2.148313
   -35.614     -6.407    8496 2.419289
   -35.239      5.790       3 0.170998
   -29.164    -67.497       1 0.118563
   -32.410     -3.842      22 0.332218
   -28.349     38.435       5 0.202740
   -32.305     48.737       2 0.149380
   -25.251    -57.584       5 0.202740
   -23.183     15.833      22 0.332218
   -26.150     28.057       1 0.118563
   -25.681     37.817      39 0.402073
   -22.662     64.047      45 0.421716
   -17.522     14.745      33 0.380295
   -17.887     28.602    1291 1.290996
   -21.601     64.263     252 0.748887
   -13.670      9.567      95 0.540992
   -17.158     14.635     366 0.848093
   -15.971     18.096     153 0.634133
   -13.278     27.044      33 0.380295
   -15.803     28.264    9740 2.532032
   -16.910     32.646      41 0.408831
   -16.477     65.033     108 0.564622
   -10.626      6.318     101 0.552150
    -8.092     12.637      96 0.542884
   -10.951     21.007       5 0.202740
    -8.710     31.216    1194 1.257818
    -7.887     34.544    1167 1.248264
    -8.672     41.452    8837 2.451233
    -8.348     43.169    8738 2.442045
    -8.729     51.956    2846 1.680201
    -8.537     53.509    3466 1.794289
   -10.975     59.041       1 0.118563
    -3.986      5.354     431 0.895589
    -3.125     11.331       4 0.188207
    -3.999     17.580      15 0.292402
    -4.662     31.172     144 0.621447
    -5.139     36.863   67992 4.839147
    -4.151     40.044  114027 5.749351
    -4.422     43.234   22648 3.354488
    -3.543     51.059    9457 2.507268
    -4.875     54.156   39229 4.028580
    -4.334     58.677     228 0.724316
    -1.145    -79.182       4 0.188207
    -2.284    -71.101       3 0.170998
     0.002      0.002    5246 2.060119
    -0.285      5.722    2521 1.613642
    -1.380     11.981      36 0.391487
     2.110     13.521      20 0.321830
    -2.178     31.651       4 0.188207
    -1.757     36.630    5366 2.075709
     0.411     40.131  108002 5.646251
    -0.796     44.316   17992 3.106772
     0.425     50.702  142094 6.186925
    -1.633     53.508   33802 3.833514
    -1.717     58.643      66 0.479142
     0.000     90.000       1 0.118563
     5.352     -3.906       1 0.118563
     3.721      6.455    2912 1.693090
     6.987      9.511     188 0.679207
     5.162     13.089      31 0.372452
     5.550     22.779       1 0.118563
     5.286     31.963       3 0.170998
     4.769     36.275    1416 1.331386
     2.909     40.817    8406 2.410716
     5.649     44.836   18468 3.133932
     4.697     51.030   44886 4.213599
     5.696     52.909    3354 1.774750
     5.619     59.907     846 1.121346
     7.093     62.741      46 0.424817
     9.867    -68.648      13 0.278782
    10.269    -61.442       1 0.118563
    11.896     -4.886      11 0.263682
     9.479      0.444     250 0.746901
    10.833      4.145    3205 1.748070
     8.876     10.901     108 0.564622
     8.018     12.974       8 0.237126
    11.569     31.972       2 0.149380
    10.155     36.369    1781 1.437157
    11.839     41.621    4909 2.015026
     9.805     45.242   27188 3.565130
     9.381     49.458    8978 2.464201
    10.237     54.972    4469 1.952929
    10.854     59.457    3869 1.861298
    10.386     63.427     288 0.782974
    16.463    -22.643      42 0.412129
    16.787    -21.664       2 0.149380
    13.432    -12.553       1 0.118563
    13.256     -9.020      92 0.535236
    15.291     -4.305     243 0.739864
    14.927     -0.663      11 0.263682
    13.612      5.990      10 0.255436
    14.862     11.845      78 0.506580
    14.956     26.911      49 0.433859
    15.089     32.380      57 0.456290
    14.236     35.651     743 1.073856
    14.362     40.823   10921 2.630492
    14.082     44.984    4836 2.004988
    15.001     50.026    6525 2.215524
    13.177     54.395    6841 2.250727
    15.328     59.181    1396 1.325088
    14.288     64.407      80 0.510873
    15.254     68.286      50 0.436790
    15.602     78.210       9 0.246621
    18.514    -69.847      14 0.285754
    18.532    -33.941    2533 1.616198
    19.144    -29.691      10 0.255436
    19.745    -25.502       8 0.237126
    22.382     -5.884      23 0.337178
    18.577      4.364       4 0.188207
    20.094     31.766     301 0.794581
    21.931     36.757      95 0.540992
    20.373     40.768    3885 1.863860
    20.313     44.222    5290 2.065863
    20.003     50.392    3211 1.749161
    20.188     55.307     734 1.069502
    18.577     59.518    4631 1.976247
    20.665     64.161     387 0.864012
    19.598     69.396     149 0.628557
    24.975    -33.926     154 0.635511
    25.133    -29.367      54 0.448140
    26.725    -25.601     102 0.553966
    25.100    -17.703      29 0.364263
    26.185    -11.128      28 0.360027
    25.362     13.655       2 0.149380
    24.960     25.515       2 0.149380
    27.001     31.326      80 0.510873
    25.453     36.216    1130 1.234930
    25.575     39.028    9245 2.488391
    24.712     44.134    1664 1.404971
    24.334     49.882     645 1.024400
    24.438     56.535    3252 1.756574
    24.881     60.454    5046 2.033599
    25.028     64.873     555 0.974348
    24.891     69.096      23 0.337178
    27.923    -32.990       8 0.237126
    30.451    -29.738     583 0.990465
    28.198    -25.982    2534 1.616411
    30.959    -17.921     101 0.552150
    28.331    -15.186     531 0.960095
    29.318     -3.296      83 0.517181
    31.448     -0.585     975 1.175667
    31.567      4.855       5 0.202740
    27.932      8.267       1 0.118563
    32.420     15.578     131 0.602153
    31.620     26.643      78 0.506580
    31.133     30.320    7859 2.357248
    30.218     36.785    2054 1.507127
    29.133     40.766   29159 3.649279
    29.011     44.891     839 1.118245
    30.573     50.137    2532 1.615986
    28.402     54.112     353 0.837930
    30.209     59.988    1548 1.371534
    28.457     63.452     213 0.708070
    29.501     70.266       9 0.246621
    32.581    -27.961       3 0.170998
    32.615    -26.099      36 0.391487
    35.316    -21.981       5 0.202740
    34.542    -14.474     103 0.555770
    34.029     -9.991       7 0.226803
    36.088     -4.062     129 0.599073
    35.847     -0.880    9900 2.545822
    34.938      3.638      30 0.368403
    37.384     11.598       5 0.202740
    32.596     15.469     352 0.837138
    37.219     19.612       1 0.118563
    35.323     25.881    1004 1.187210
    35.903     30.676   11098 2.644627
    35.444     34.774    8159 2.386869
    33.976     39.817    7130 2.281985
    34.377     45.727     418 0.886492
    35.396     49.194     903 1.145985
    36.946     55.546    1150 1.242173
    34.430     60.937      44 0.418569
    34.568     64.954       1 0.118563
    33.168     68.686      82 0.515095
    39.254    -15.118       7 0.226803
    41.778     -8.969       5 0.202740
    39.187     -5.759     764 1.083879
    39.281     -0.623      50 0.436790
    38.768      9.116      56 0.453606
    42.251     17.042      85 0.521302
    39.672     21.327   78374 5.073881
    39.744     24.699   19032 3.165515
    40.942     28.994    6608 2.224878
    40.094     36.629     595 0.997214
    40.027     40.044    2061 1.508837
    39.553     45.492     874 1.133583
    38.605     49.227     737 1.070957
    37.855     55.644    4078 1.894227
    39.513     58.203     214 0.709176
    40.346     63.935      24 0.341995
    43.270    -79.850      15 0.292402
    45.430    -75.691       1 0.118563
    46.333    -19.110      20 0.321830
    45.263    -12.788      38 0.398606
    43.261    -11.677      62 0.469260
    45.345      2.040      18 0.310723
    43.245     11.282     131 0.602153
    43.477     16.665    4113 1.899631
    43.390     18.804    9115 2.476672
    46.182     24.951  118492 5.823435
    45.512     28.666    4738 1.991352
    44.164     34.172    1567 1.377123
    43.920     39.666     636 1.019613
    43.930     43.627     282 0.777498
    45.205     50.137     268 0.764413
    45.059     55.496     256 0.752829
    46.032     59.816       6 0.215443
    47.531    -18.931      79 0.508735
    48.222    -13.385       1 0.118563
    49.070      2.321       1 0.118563
    49.071     15.132     163 0.647658
    51.055     18.981      37 0.395079
    50.240     26.135   56842 4.558683
    47.984     29.218   34024 3.841888
    51.119     35.496     207 0.701358
    49.760     40.404     271 0.767254
    48.572     45.019      94 0.539087
    50.963     51.338      39 0.402073
    49.472     54.903     401 0.874308
    49.936     59.524      65 0.476710
    50.891     62.598       5 0.202740
    55.853    -20.839     599 0.999444
    55.527     -4.583      37 0.395079
    57.061      5.635       1 0.118563
    54.142     17.021     448 0.907212
    55.375     19.447      86 0.523338
    55.294     24.940   21115 3.277026
    56.273     37.250       4 0.188207
    55.000     39.000       1 0.118563
    53.473     46.391       1 0.118563
    55.507     51.498      43 0.415374
    55.453     54.679     159 0.642316
    56.230     58.149     158 0.640966
    55.007     63.773      27 0.355689
    53.086     67.634       6 0.215443
    57.584    -20.177      94 0.539087
    58.467     22.107     151 0.631357
    58.347     23.482    2708 1.652593
    59.626     36.263      54 0.448140
    58.392     37.941      41 0.408831
    60.670     56.004     491 0.935356
    59.528     58.474      68 0.483934
    63.421    -19.720       1 0.118563
    65.375     10.513      17 0.304859
    65.863     21.308       1 0.118563
    67.048     24.853     230 0.726427
    66.991     30.184       1 0.118563
    67.136     36.701       3 0.170998
    64.636     40.344      27 0.355689
    63.626     45.588       8 0.237126
    63.547     51.433      13 0.278782
    65.411     56.634     133 0.605202
    65.422     62.142       7 0.226803
    64.056     67.503       9 0.246621
    71.307    -71.368       2 0.149380
    69.160      9.833       3 0.170998
    70.738     22.040     598 0.998888
    71.813     24.261     338 0.825889
    72.028     30.378      10 0.255436
    69.750     34.432      76 0.502212
    69.315     41.220      82 0.515095
    70.441     42.801      12 0.271442
    71.463     51.232      88 0.527364
    69.424     54.533       9 0.246621
    69.012     60.982       8 0.237126
    70.837     66.861       1 0.118563
    73.375      1.629      53 0.445357
    73.383      4.243     340 0.827515
    76.968      9.698    3905 1.867053
    74.497     15.181     931 1.157709
    73.171     19.386   14158 2.868249
    74.335     24.277    2909 1.692508
    76.881     29.161    9048 2.470589
    74.295     33.157     471 0.922479
    73.628     40.692      12 0.271442
    76.177     43.117     234 0.730614
    74.563     50.991      45 0.421716
    73.527     55.000     131 0.602153
    74.832     61.300      87 0.525359
    75.066     65.276       8 0.237126
    80.107      6.947     712 1.058708
    78.598     10.341    2046 1.505167
    79.118     14.085    9964 2.551296
    80.305     20.826    1500 1.357209
    80.272     25.896    2019 1.498517
    78.581     28.909     588 0.993288
    77.583     34.164       3 0.170998
    79.842     42.226       8 0.237126
    79.483     43.738       2 0.149380
    80.443     50.650      16 0.298760
    80.659     53.589       8 0.237126
    77.576     60.734       3 0.170998
    84.620     20.692     446 0.905860
    84.366     25.729    1671 1.406938
    84.937     27.775     325 0.815162
    84.371     33.751       2 0.149380
    86.626     42.128       2 0.149380
    85.151     52.490       1 0.118563
    84.087     54.678     406 0.877927
    88.946     22.345     142 0.618556
    89.485     23.851    1709 1.417524
    92.150     46.363      10 0.255436
    91.859     50.067      21 0.327107
    88.811     53.788      13 0.278782
    88.208     69.348       6 0.215443
    89.303     77.107       1 0.118563
    94.295    -35.117       6 0.215443
    95.576      5.386     255 0.751847
    92.732     11.650       1 0.118563
    96.157     16.806     147 0.625732
    96.234     20.695      98 0.546628
    93.635     25.865      98 0.546628
    93.828     27.561       2 0.149380
    94.477     51.717       1 0.118563
    92.896     56.025      83 0.517181
    94.587     61.577       1 0.118563
   102.237     -3.692     159 0.642316
   101.056      0.230    1923 1.474380
   100.767      3.787    9532 2.513878
    99.235      8.872    1522 1.363812
   100.626     13.919   23956 3.417861
    99.415     18.854    2647 1.640090
   100.274     25.707       3 0.170998
   102.436     51.905       1 0.118563
    99.437     55.451       8 0.237126
    99.821     68.635       4 0.188207
   106.878     -7.719      31 0.372452
   106.709     -6.151   42882 4.149935
   103.855      0.907    5171 2.050254
   103.354      4.185     204 0.697953
   105.638     10.939     759 1.081509
   103.541     16.037    2535 1.616624
   104.802     19.857     576 0.986485
   105.146     25.983      10 0.255436
   104.052     30.407      35 0.387828
   103.828     36.055       4 0.188207
   104.621     51.488     358 0.841868
   104.034     52.778      24 0.341995
   105.319     61.524       1 0.118563
   110.675     -7.749    7790 2.350329
   108.852     -6.954   15799 2.975040
   109.827      0.467    1047 1.203922
   108.744      3.883      13 0.278782
   109.130     12.074      24 0.341995
   108.248     15.852      81 0.512993
   107.976     21.514       2 0.149380
   109.733     24.439      10 0.255436
   108.816     30.189      51 0.439683
   110.077     34.375       3 0.170998
   111.448     40.786       8 0.237126
   107.657     51.816     133 0.605202
   109.343     55.640       1 0.118563
   112.242     66.409       1 0.118563
   116.111    -33.351      41 0.408831
   115.848    -31.912    1118 1.230543
   113.718    -25.794       3 0.170998
   116.803    -20.742       1 0.118563
   114.072     -8.274    5738 2.122608
   113.322     -6.238    5722 2.120633
   116.421     -1.045    2545 1.618747
   115.226      5.132     543 0.967274
   115.028      8.502       2 0.149380
   114.112     22.300    1740 1.426043
   113.869     23.321     113 0.573204
   113.585     29.340      42 0.412129
   114.859     36.505      27 0.355689
   116.479     39.835     279 0.774731
   114.231     50.080      11 0.263682
   118.307    -34.844       9 0.246621
   121.466    -30.758       5 0.202740
   119.771    -23.348       2 0.149380
   121.189    -18.639       7 0.226803
   119.844     -8.774      38 0.398606
   119.707     -4.823    2801 1.671298
   119.877     -0.720     558 0.976100
   118.784      5.066     141 0.617101
   120.458     11.120     289 0.783879
   121.002     14.632    9381 2.500533
   121.004     18.185     109 0.566359
   121.146     24.528    1121 1.231643
   120.909     30.992     283 0.778416
   120.101     35.228      11 0.263682
   119.313     39.257      14 0.285754
   122.332     47.595       2 0.149380
   125.568    -18.194       1 0.118563
   123.836    -16.893       7 0.226803
   124.286     -9.632      97 0.544762
   122.576     -4.301     197 0.689877
   124.340      1.003    1340 1.307127
   125.484      6.949     956 1.167980
   123.800     10.205    1724 1.421659
   123.609     13.303     168 0.654213
   125.601     25.099       6 0.215443
   126.934     36.731    1259 1.280240
   126.883     37.675    1882 1.463826
   124.352     44.286      18 0.310723
   124.739     55.150       6 0.215443
   128.467    -31.606      12 0.271442
   132.138    -26.279       1 0.118563
   130.516    -12.789      10 0.255436
   130.892    -12.425     137 0.611209
   128.183     -3.690      42 0.412129
   129.663      0.429      90 0.531329
   128.130      2.930       1 0.118563
   127.775     26.322      62 0.469260
   130.352     31.164     142 0.618556
   129.371     35.008     897 1.143441
   127.948     37.873      28 0.360027
   131.798     43.508      76 0.502212
   128.747     50.013      38 0.398606
   129.693     61.997      13 0.278782
   135.470    -34.297       5 0.202740
   133.871    -23.762      23 0.337178
   134.196    -19.652       2 0.149380
   132.832    -12.670       1 0.118563
   136.825    -12.322       7 0.226803
   136.797     -4.466     200 0.693361
   134.673     -0.966      10 0.255436
   134.463      7.353       3 0.170998
   134.564      7.531      19 0.316374
   135.608     34.830    1143 1.239648
   132.922     43.236      13 0.278782
   135.351     48.932      51 0.439683
   142.022    -37.743       1 0.118563
   138.596    -34.921    1518 1.362616
   141.458    -31.978       5 0.202740
   139.490    -20.723       8 0.237126
   141.875    -12.622       1 0.118563
   142.220    -10.586      17 0.304859
   140.626     -2.602     195 0.687534
   139.622     35.679    4236 1.918381
   140.714     38.974     122 0.588035
   141.604     43.087      37 0.395079
   147.312    -42.901     128 0.597521
   145.015    -37.918    4561 1.966239
   145.836    -36.258     229 0.725373
   146.584    -31.563       5 0.202740
   144.344    -23.851       2 0.149380
   146.605    -19.238      37 0.395079
   145.640    -16.767     104 0.557563
   147.167     -9.451       5 0.202740
   145.718     -6.587      23 0.337178
   144.948     13.771      77 0.504406
   142.874     46.448      38 0.398606
   142.949     53.593       3 0.170998
   147.713    -42.891      14 0.285754
   147.909    -40.582      10 0.255436
   151.026    -33.947    7001 2.268139
   151.151    -29.763     112 0.571508
   150.885    -24.129      38 0.398606
   148.907    -20.492      66 0.479142
   150.861     59.881       8 0.237126
   153.261    -28.137     933 1.158538
   153.039    -27.265    1147 1.241092
   159.161     -8.046      54 0.448140
   158.175      6.923      16 0.298760
   158.378     53.164       2 0.149380
   166.449    -22.269      47 0.427874
   170.023    -44.823     203 0.696811
   171.332    -42.189       1 0.118563
   168.322    -17.730      55 0.450890
   171.373      7.087       1 0.118563
   172.624    -43.506     194 0.686357
   175.276    -40.180     753 1.078652
   174.749    -36.820    1218 1.266189
   177.333    -17.811      27 0.355689
   178.026    -38.668       5 0.202740
   178.358    -18.138      64 0.474252
   179.373    -16.433       2 0.149380
   -70.000    -50.000      10 0.255436 10^1
   -35.000    -50.000     100 0.550321 10^2
     0.000    -50.000    1000 1.185631 10^3
    35.000    -50.000   10000 2.554365 10^4
    70.000    -50.000  100000 5.503212 10^5
