# x Curve1
0.0102429 0.56386
0.0149529 0.560076
0.020187 0.557237
0.0248976 0.554399
0.0296077 0.550615
0.0348418 0.547777
0.0395518 0.543992
0.0442624 0.541154
0.049496 0.53737
0.0542066 0.534532
0.0589166 0.530747
0.0636272 0.527909
0.0688608 0.524125
0.0735714 0.521287
0.0782814 0.517502
0.0835155 0.514664
0.0882256 0.51088
0.0929361 0.508042
0.0981698 0.504257
0.102881 0.502365
0.108116 0.502365
0.113352 0.502365
0.118588 0.502365
0.123823 0.502365
0.129059 0.502365
0.134294 0.502365
0.13953 0.501419
0.144765 0.501419
0.150001 0.501419
0.155236 0.501419
0.160471 0.500473
0.164657 0.495743
0.169367 0.491012
0.173553 0.485336
0.178262 0.480605
0.182448 0.475875
0.187158 0.471145
0.191344 0.466414
0.196053 0.460738
0.200762 0.456008
0.205474 0.455061
0.210709 0.455061
0.215945 0.454115
0.22118 0.454115
0.226416 0.454115
0.231651 0.454115
0.236887 0.454115
0.242122 0.453169
0.247358 0.453169
0.252593 0.453169
0.257829 0.453169
0.26254 0.451277
0.267774 0.447493
0.272484 0.443709
0.277194 0.44087
0.282428 0.437086
0.28714 0.437086
0.292375 0.437086
0.297611 0.43614
0.302846 0.435194
0.307556 0.43141
0.312266 0.427625
0.316976 0.423841
0.321686 0.420057
0.326395 0.415326
0.331106 0.411542
0.33634 0.40965
0.341575 0.408704
0.346811 0.408704
0.351522 0.406812
0.356756 0.403974
0.361467 0.402081
0.366702 0.401135
0.371938 0.401135
0.376647 0.396405
0.381357 0.392621
0.386592 0.390728
0.391828 0.390728
0.396539 0.388836
0.401774 0.38789
0.407009 0.386944
0.41172 0.385052
0.416955 0.384106
0.421666 0.382214
0.426901 0.381268
0.432137 0.381268
0.437372 0.381268
0.442607 0.380322
0.447843 0.379376
0.452554 0.377483
0.457789 0.376537
0.463024 0.375591
0.468259 0.375591
0.473495 0.375591
0.47873 0.374645
0.483441 0.372753
0.488151 0.368969
0.493386 0.367077
0.498621 0.366131
0.503333 0.365184
0.508568 0.364238
0.513803 0.364238
0.519039 0.364238
0.524274 0.364238
0.529509 0.362346
0.533695 0.357616
0.53893 0.35667
0.54364 0.351939
0.547825 0.346263
0.553061 0.346263
0.558296 0.345317
0.563008 0.344371
0.568242 0.342479
0.573477 0.340587
0.578712 0.33964
0.583423 0.338694
0.588658 0.335856
0.593369 0.33491
0.598603 0.332072
0.603838 0.33018
0.609073 0.329234
0.613784 0.328288
0.61902 0.327342
0.624255 0.326395
0.628966 0.324503
0.634201 0.323557
0.639435 0.320719
0.644145 0.317881
0.649381 0.317881
0.654092 0.315989
0.659327 0.315043
0.664563 0.315043
0.669797 0.31315
0.674509 0.311258
0.679744 0.310312
0.684978 0.30842
0.68969 0.307474
0.694924 0.305582
0.700159 0.304636
0.704871 0.302744
0.710105 0.300851
0.71534 0.299905
0.720576 0.299905
0.725287 0.298013
0.730522 0.296121
0.735233 0.295175
0.740469 0.295175
0.745703 0.293283
0.750938 0.292337
0.75565 0.291391
0.760885 0.290445
0.76612 0.288553
0.771355 0.287606
0.776066 0.285714
0.781301 0.285714
0.786537 0.284768
0.791248 0.282876
0.796483 0.28193
0.801718 0.280984
0.806953 0.280038
0.811664 0.279092
0.816899 0.2772
0.822134 0.276254
0.826846 0.275307
0.83208 0.273415
0.837315 0.272469
0.842026 0.270577
0.847262 0.269631
0.852497 0.268685
0.857208 0.266793
0.862443 0.265847
0.867677 0.263955
0.872389 0.263009
0.877624 0.261116
0.882859 0.26017
0.88757 0.258278
0.892805 0.257332
0.897516 0.25544
0.902751 0.254494
0.907986 0.253548
0.913221 0.252602
0.917932 0.25071
0.923167 0.248817
0.927878 0.246925
0.933113 0.245979
0.938348 0.244087
0.943059 0.242195
0.948293 0.240303
0.953004 0.237465
0.958239 0.236518
0.96295 0.23368
0.968185 0.232734
0.972895 0.229896
0.97813 0.228004
0.98284 0.225166
0.988075 0.223273
0.992785 0.219489
0.99802 0.217597
1.00273 0.215705
