# x Curve1
0.00160836 0.997293
0.0333735 0.997271
0.0562927 0.994549
0.0723764 0.993862
0.0848412 0.9925
0.0960997 0.991139
0.100925 0.989783
0.114596 0.98842
0.121029 0.98571
0.13068 0.98435
0.136309 0.982316
0.139928 0.980284
0.146763 0.97825
0.151186 0.976217
0.155207 0.974861
0.158826 0.972829
0.163651 0.971472
0.167672 0.96944
0.17491 0.966052
0.179333 0.964696
0.182147 0.963341
0.189385 0.959276
0.19421 0.957243
0.197829 0.955888
0.201448 0.953856
0.208283 0.950468
0.215119 0.946404
0.21914 0.942342
0.226377 0.938954
0.2308 0.936921
0.235223 0.935565
0.23844 0.932856
0.245678 0.928792
0.253317 0.923374
0.259349 0.920663
0.26538 0.9166
0.269803 0.913891
0.277845 0.907796
0.284278 0.904408
0.288701 0.900346
0.29232 0.898314
0.295939 0.895605
0.298351 0.893574
0.302774 0.890864
0.307197 0.888155
0.310012 0.88477
0.314837 0.881384
0.318456 0.877322
0.319662 0.875968
0.324487 0.872582
0.327704 0.86852
0.330117 0.867165
0.335746 0.862425
0.339767 0.860393
0.343788 0.857007
0.345798 0.855652
0.347809 0.853621
0.35384 0.850911
0.357861 0.848202
0.363088 0.843462
0.368315 0.838046
0.374347 0.836012
0.379574 0.831272
0.385203 0.826532
0.39043 0.822469
0.39606 0.817053
0.401689 0.812313
0.408122 0.807572
0.413349 0.802833
0.418577 0.797416
0.42501 0.791999
0.430639 0.787259
0.436671 0.781843
0.441094 0.777103
0.447125 0.771687
0.453156 0.765593
0.458384 0.760854
0.463611 0.755437
0.470044 0.749344
0.475674 0.743927
0.480901 0.738511
0.486128 0.733095
0.491757 0.727002
0.497789 0.720908
0.503418 0.714815
0.508645 0.708722
0.514274 0.702629
0.520306 0.695859
0.526337 0.689766
0.531162 0.68232
0.537193 0.676227
0.542421 0.669457
0.548854 0.663363
0.553679 0.657947
0.558906 0.650501
0.564938 0.645085
0.570165 0.637639
0.576598 0.628839
0.582228 0.623422
0.587857 0.615976
0.593084 0.6065
0.599517 0.600406
0.605147 0.591607
0.611178 0.584837
0.615601 0.578745
0.621632 0.571298
0.627262 0.563852
0.632087 0.554376
0.638922 0.546252
0.643345 0.54016
0.649377 0.532714
0.655006 0.524591
0.660635 0.518498
0.667069 0.510374
0.671894 0.501575
0.677523 0.495482
0.683152 0.486006
0.68838 0.47856
0.694813 0.470437
0.70004 0.462991
0.706072 0.454867
0.711701 0.447421
0.716526 0.441328
0.722155 0.431852
0.727784 0.422376
0.733816 0.413577
0.739445 0.404777
0.744672 0.395301
0.750302 0.386502
0.756735 0.380408
0.761962 0.372286
0.767994 0.364839
0.774025 0.358746
0.776035 0.352655
0.782067 0.339119
0.787696 0.33032
0.792521 0.320844
0.798955 0.322193
0.804182 0.305951
0.809409 0.307301
0.819059 0.291733
0.823884 0.289023
0.831524 0.284958
0.836751 0.272776
0.843989 0.269388
0.849216 0.260589
0.855649 0.251113
0.862083 0.233517
0.865702 0.222012
0.878569 0.214561
0.882992 0.190201
0.934057 0.178664
0.940088 0.159039
0.967431 0.133987
0.984318 0.0913503
